  Nombre equipo   Nombre piloto          Tiempo 
             0.0E+000 
             0.0E+000 
             0.0E+000 
             0.0E+000 
             0.0E+000 
             0.0E+000 
             0.0E+000 
             0.0E+000 
             0.0E+000 
             0.0E+000 
             0.0E+000 
             0.0E+000 
             0.0E+000 
             0.0E+000 
             0.0E+000 
             0.0E+000 
             0.0E+000 
             0.0E+000 
             0.0E+000 
             0.0E+000 
             0.0E+000 
             0.0E+000 
             0.0E+000 
             0.0E+000 
